1461244097.0199515820 NaN NaN NaN
1461244097.0609662533 NaN NaN NaN
1461244097.0978651047 NaN NaN NaN
1461244097.1378738880 NaN NaN NaN
1461244097.1802468300 NaN NaN NaN
1461244097.2198455334 NaN NaN NaN
1461244097.2576398849 NaN NaN NaN
1461244097.2989952564 NaN NaN NaN
1461244097.3388180733 NaN NaN NaN
1461244097.3777756691 NaN NaN NaN
1461244097.4200706482 NaN NaN NaN
1461244097.4578285217 NaN NaN NaN
1461244097.4978487492 NaN NaN NaN
1461244097.5377845764 NaN NaN NaN
1461244097.5778484344 NaN NaN NaN
1461244097.6201317310 NaN NaN NaN
1461244097.6580340862 NaN NaN NaN
1461244097.6977703571 NaN NaN NaN
1461244097.7379643917 NaN NaN NaN
1461244097.7783999443 NaN NaN NaN
1461244097.8199157715 NaN NaN NaN
1461244097.8577816486 NaN NaN NaN
1461244097.8977365494 NaN NaN NaN
1461244097.9377870560 NaN NaN NaN
1461244097.9778759480 NaN NaN NaN
1461244098.0178172588 NaN NaN NaN
1461244098.0578088760 NaN NaN NaN
1461244098.0977952480 NaN NaN NaN
1461244098.1378340721 NaN NaN NaN
1461244098.1778423786 NaN NaN NaN
1461244098.2198522091 NaN NaN NaN
1461244098.2579162121 NaN NaN NaN
1461244098.2977566719 -4.2029789867 2.5082770497 -3.1372284556
1461244098.3377487659 -4.1697885374 2.5127779656 -3.1048188474
1461244098.3777532578 -4.1311975406 2.5167942412 -3.0716289914
1461244098.4198384285 -4.0887563078 2.5216746531 -3.0372581160
1461244098.4577991962 -4.0402216660 2.5264612434 -3.0004912506
1461244098.4977927208 -3.9990678876 2.5339682130 -2.9681922273
1461244098.5377459526 -3.9573747340 2.5408855914 -2.9337991920
1461244098.5777528286 -3.9119791566 2.5471479611 -2.8961194782
1461244098.6199264526 -3.8553669814 2.5540158903 -2.8477592771
1461244098.6577737331 -3.8125188144 2.5591662353 -2.8110867084
1461244098.6979019642 -3.7670788916 2.5633339573 -2.7729922821
1461244098.7376706600 -3.7246413175 2.5662013809 -2.7380547300
1461244098.7777581215 -3.6821007116 2.5674902302 -2.7034562401
1461244098.8198716640 -3.6330992131 2.5684858401 -2.6678805354
1461244098.8576273918 -3.5858709444 2.5720531192 -2.6326029697
1461244098.8977820873 -3.5427271043 2.5789615020 -2.5983311710
1461244098.9377765656 -3.4997787033 2.5871530187 -2.5624114537
1461244098.9777810574 -3.4602613803 2.5928180341 -2.5262460857
1461244099.0198607445 -3.4203926207 2.5946543669 -2.4891893310
1461244099.0577776432 -3.3752743229 2.5987406860 -2.4424196168
1461244099.0977942944 -3.3372406249 2.6015929681 -2.4016947044
1461244099.1377449036 -3.3003521118 2.6037221210 -2.3626195551
1461244099.1777462959 -3.2636934971 2.6080309109 -2.3237921826
1461244099.2199265957 -3.2232126458 2.6159076891 -2.2801532549
1461244099.2577247620 -3.1822974376 2.6233728569 -2.2367384564
1461244099.2977185249 -3.1402538547 2.6296452962 -2.1922386790
1461244099.3377225399 -3.0960483523 2.6333340741 -2.1442781104
1461244099.3776848316 -3.0502838562 2.6356453570 -2.0941632845
1461244099.4200170040 -2.9935843085 2.6392171291 -2.0327376215
1461244099.4577441216 -2.9373222077 2.6401857596 -1.9698549518
1461244099.4977259636 -2.8842158951 2.6444983160 -1.9076946243
1461244099.5377442837 -2.8342536131 2.6518869454 -1.8506585717
1461244099.5783231258 -2.7801342727 2.6634280040 -1.7897258920
1461244099.6195411682 -2.7280928941 2.6798724115 -1.7305772929
1461244099.6605064869 -2.6733756789 2.6992745559 -1.6690535812
1461244099.6976764202 -2.6253314736 2.7155885045 -1.6173355620
1461244099.7376391888 -2.5773803699 2.7295964174 -1.5712294983
1461244099.7778468132 -2.5264307393 2.7425196808 -1.5266437016
1461244099.8196065426 -2.4741983503 2.7554958980 -1.4852307614
1461244099.8576638699 -2.4152214335 2.7682389143 -1.4416053649
1461244099.8977739811 -2.3560766184 2.7801757929 -1.4019868747
1461244099.9394333363 -2.2956258253 2.7909228725 -1.3626466401
1461244099.9777336121 -2.2380602918 2.8013669874 -1.3273490830
1461244100.0197813511 -2.1667603865 2.8149967693 -1.2861463712
1461244100.0582895279 -2.1089477482 2.8269229389 -1.2553475768
1461244100.0977098942 -2.0433804945 2.8392932322 -1.2234766405
1461244100.1393895149 -1.9835533927 2.8500226379 -1.1957847449
1461244100.1805651188 -1.9256721200 2.8591564382 -1.1705906601
1461244100.2194612026 -1.8705770212 2.8674028375 -1.1471697061
1461244100.2577011585 -1.8080210977 2.8781127114 -1.1208699699
1461244100.2976520061 -1.7627128939 2.8906156829 -1.1018293101
1461244100.3395106792 -1.7186524802 2.9054134110 -1.0836010737
1461244100.3776321411 -1.6788243424 2.9212443179 -1.0671389991
1461244100.4176592827 -1.6387502208 2.9392276638 -1.0503324334
1461244100.4576635361 -1.5921796646 2.9587176058 -1.0303682975
1461244100.4976639748 -1.5467782880 2.9815324807 -1.0099932084
1461244100.5376124382 -1.5025237852 3.0074656026 -0.9906645003
1461244100.5780541897 -1.4592616121 3.0354597515 -0.9707685951
1461244100.6176257133 -1.4096421678 3.0635635701 -0.9466292121
1461244100.6575670242 -1.3453828933 3.0899040081 -0.9127825404
1461244100.6976063251 -1.2827182670 3.1085894783 -0.8777711449
1461244100.7376549244 -1.2256063597 3.1206186212 -0.8439170330
1461244100.7775013447 -1.1610551611 3.1301607006 -0.8027221742
1461244100.8175778389 -1.0973392366 3.1385541261 -0.7607775747
1461244100.8575620651 -1.0235382206 3.1515822733 -0.7122280627
1461244100.8975749016 -0.9528730206 3.1694517666 -0.6665588502
1461244100.9376199245 -0.8851399622 3.1904801658 -0.6236288777
1461244100.9775867462 -0.8213652357 3.2133130850 -0.5844916649
1461244101.0185894966 NaN NaN NaN
1461244101.0574555397 NaN NaN NaN
1461244101.0977389812 NaN NaN NaN
1461244101.1376309395 -0.5389047822 3.3457115936 -0.4322271062
1461244101.1805410385 -0.4696570236 3.3813380379 -0.4002325836
1461244101.2178196907 -0.4055251281 3.4129635747 -0.3730073459
1461244101.2575581074 -0.3358220196 3.4434309485 -0.3464757948
1461244101.2976729870 -0.2504527819 3.4754961234 -0.3174076086
1461244101.3376088142 -0.1773557896 3.4969972090 -0.2933214164
1461244101.3775088787 -0.0983273061 3.5153969210 -0.2692473667
1461244101.4175090790 -0.0148157659 3.5336767465 -0.2461753974
1461244101.4575533867 0.0814579967 3.5506931780 -0.2213359876
1461244101.4975628853 0.1613342805 3.5606743269 -0.2005085838
1461244101.5375566483 0.2439516453 3.5704514139 -0.1787537927
1461244101.5774724483 0.3254764289 3.5766067177 -0.1578423241
1461244101.6210076809 0.4271172205 3.5796434137 -0.1313066185
1461244101.6575477123 0.5105750781 3.5810886358 -0.1100222502
1461244101.6976079941 0.6030220236 3.5852579888 -0.0875894433
1461244101.7376322746 0.6885507014 3.5897557428 -0.0667454339
1461244101.7774696350 0.7738970502 3.5923595027 -0.0461984913
1461244101.8200902939 0.8636293904 3.5910559233 -0.0254072396
1461244101.8575809002 0.9584688358 3.5879092348 -0.0028021140
1461244101.8974640369 1.0403801945 3.5841366667 0.0167993595
1461244101.9375996590 1.1286762009 3.5768779632 0.0378541269
1461244101.9774746895 1.2087818020 3.5668706668 0.0565846478
1461244102.0197308064 1.3057905147 3.5499066588 0.0783463794
1461244102.0606942177 1.3887980403 3.5298315409 0.0970260985
1461244102.0981225967 1.4666258313 3.5065777351 0.1155529804
1461244102.1375837326 1.5409187992 3.4808459675 0.1335270299
1461244102.1775262356 1.6210355664 3.4539426568 0.1521466927
1461244102.2216274738 1.7142694906 3.4196057627 0.1740238079
1461244102.2579526901 1.7878573437 3.3908134619 0.1911897884
1461244102.2975149155 1.8663626188 3.3642477254 0.2086062188
1461244102.3376395702 1.9385299401 3.3390721174 0.2252579435
1461244102.3792414665 2.0068280943 3.3155079899 0.2423536189
1461244102.4175715446 2.0835583522 3.2910827684 0.2617884935
1461244102.4575576782 2.1646150160 3.2621420114 0.2820485236
1461244102.4993178844 2.2341161095 3.2301399591 0.2988282661
1461244102.5378806591 2.2931648964 3.2001639073 0.3115101801
1461244102.5775620937 2.3561758673 3.1674034132 0.3226672306
1461244102.6199841499 2.4308877191 3.1282083014 0.3320483049
1461244102.6575474739 2.4923589162 3.0953972429 0.3370105692
1461244102.6974716187 2.5475550709 3.0654902533 0.3398808631
1461244102.7376577854 2.5995832074 3.0364026108 0.3395328655
1461244102.7775263786 2.6468937095 3.0085346683 0.3357799777
1461244102.8198952675 2.6956816099 2.9783984071 0.3275745034
1461244102.8575310707 2.7470567185 2.9473254318 0.3144911775
1461244102.8975434303 2.7858061270 2.9209653360 0.2996502940
1461244102.9375054836 2.8197266604 2.8932747274 0.2831374796
1461244102.9774723053 2.8509679254 2.8620635034 0.2647498685
1461244103.0193946362 2.8791200539 2.8279352579 0.2448626784
1461244103.0575621128 2.9027395355 2.7863432370 0.2221289944
1461244103.0975439548 2.9174336506 2.7495484330 0.2003197668
1461244103.1376411915 2.9268624891 2.7119815803 0.1757721689
1461244103.1773993969 2.9317890234 2.6767453175 0.1516162482
1461244103.2174258232 2.9323612114 2.6384610107 0.1232722493
1461244103.2574062347 2.9294576871 2.5962030230 0.0903090381
1461244103.2975170612 2.9242669549 2.5595320938 0.0615534025
1461244103.3373982906 2.9164967203 2.5252392606 0.0327103702
1461244103.3774037361 2.9058075968 2.4910329875 0.0041123891
1461244103.4197938442 2.8917499334 2.4583171594 -0.0233178805
1461244103.4585292339 2.8702368559 2.4278743617 -0.0516809850
1461244103.4975898266 2.8400176022 2.3974696896 -0.0835703705
1461244103.5373954773 2.8053390310 2.3725058005 -0.1135031792
1461244103.5773437023 2.7693865140 2.3523682668 -0.1409481137
1461244103.6173803806 2.7251624798 2.3321500486 -0.1737146867
1461244103.6573874950 2.6720528621 2.3139534081 -0.2103304538
1461244103.6973896027 2.6167495087 2.2993943431 -0.2436073968
1461244103.7373816967 2.5588739051 2.2847903766 -0.2745069192
1461244103.7801625729 2.4906581062 2.2697905941 -0.3065070445
1461244103.8173682690 2.4264264430 2.2520690329 -0.3372097227
1461244103.8574726582 2.3398303692 2.2323676426 -0.3744355553
1461244103.8974428177 2.2625933011 2.2133144480 -0.4072410396
1461244103.9385325909 2.1831040601 2.1942315635 -0.4404751914
1461244103.9776515961 2.0968167619 2.1795009969 -0.4754960999
1461244104.0174162388 2.0101414210 2.1681735233 -0.5102657206
1461244104.0581207275 1.9168618033 2.1588041177 -0.5464396943
1461244104.0980370045 1.8289669642 2.1510910478 -0.5819655670
1461244104.1375887394 1.7379021154 2.1426633163 -0.6208800094
1461244104.1774036884 1.6493664574 2.1402210818 -0.6576977727
1461244104.2202804089 1.5438780428 2.1403644167 -0.7014706956
1461244104.2574019432 1.4551626644 2.1417280191 -0.7356315663
1461244104.2974016666 1.3586393329 2.1426755696 -0.7719841686
1461244104.3388862610 1.2707294417 2.1450138995 -0.8055782252
1461244104.3774042130 1.1647273320 2.1535537012 -0.8458827718
1461244104.4199099541 1.0814477239 2.1669551723 -0.8731375271
1461244104.4574561119 0.9813404061 2.1869372858 -0.8993081212
1461244104.4973473549 0.8864985093 2.2006304148 -0.9192347685
1461244104.5373563766 0.8001659721 2.2131745171 -0.9314197315
1461244104.5774137974 0.7144018366 2.2290092155 -0.9430026130
1461244104.6196103096 0.6073736985 2.2493955943 -0.9564741180
1461244104.6574563980 0.5131393693 2.2705250004 -0.9646355463
1461244104.6974391937 0.4267924440 2.2929892859 -0.9722324968
1461244104.7374234200 0.3362395718 2.3172095921 -0.9779046295
1461244104.7772836685 0.2477469302 2.3431070490 -0.9806397058
1461244104.8195679188 0.1430198071 2.3750088910 -0.9817819507
1461244104.8572442532 0.0578071868 2.4017999805 -0.9812516723
1461244104.8973805904 -0.0305173911 2.4301534005 -0.9764888012
1461244104.9373278618 -0.1087271232 2.4555591792 -0.9691476404
1461244104.9773046970 -0.1803681305 2.4804049406 -0.9584629794
1461244105.0196628571 -0.2546525386 2.5090659737 -0.9436833535
1461244105.0573253632 -0.3346577933 2.5378457123 -0.9233121225
1461244105.0973706245 -0.3952506198 2.5581340227 -0.8995031599
1461244105.1373941898 -0.4540667604 2.5770030322 -0.8697703127
1461244105.1773419380 -0.5087722701 2.5935195675 -0.8377272448
1461244105.2197155952 -0.5738202254 2.6149987430 -0.7929261265
1461244105.2576832771 -0.6276884900 2.6317582964 -0.7532113671
1461244105.2973022461 -0.6843420760 2.6462832307 -0.7071049561
1461244105.3373062611 -0.7368067201 2.6567311448 -0.6567783790
1461244105.3773460388 -0.7857396430 2.6633217355 -0.6051429310
1461244105.4191508293 -0.8374289949 2.6661272244 -0.5436126889
1461244105.4573423862 -0.8899762948 2.6650585873 -0.4750194984
1461244105.4973316193 -0.9377178516 2.6643485420 -0.4119322425
1461244105.5373284817 -0.9819519692 2.6698603094 -0.3499883276
1461244105.5772387981 -1.0199175469 2.6788148219 -0.2877307196
1461244105.6173663139 -1.0542271380 2.6859231505 -0.2264324100
1461244105.6573102474 -1.0910344915 2.6924313154 -0.1507105192
1461244105.6973059177 -1.1213832790 2.7000033994 -0.0879973114
1461244105.7372868061 -1.1506723825 2.7044263552 -0.0283837719
1461244105.7772274017 -1.1751052722 2.7044371344 0.0335888836
1461244105.8212196827 -1.1994204250 2.7028371548 0.1175005521
1461244105.8573303223 -1.2204289504 2.6992503955 0.1892147703
1461244105.8973674774 -1.2408882658 2.6925758975 0.2563344146
1461244105.9373540878 -1.2651043988 2.6836103984 0.3288049732
1461244105.9773700237 -1.2909744793 2.6736686898 0.3978833226
1461244106.0190429688 -1.3207277554 2.6628023886 0.4735466028
1461244106.0572674274 -1.3509610111 2.6491258457 0.5604171043
1461244106.0973260403 -1.3838547187 2.6397984441 0.6443265954
1461244106.1373395920 -1.4209355893 2.6319885610 0.7216284847
1461244106.1773145199 -1.4567117342 2.6283075999 0.7962152459
1461244106.2197513580 -1.5052888201 2.6319834485 0.8888642629
1461244106.2573580742 -1.5491597481 2.6404006830 0.9690454831
1461244106.2973744869 -1.5876430750 2.6511230350 1.0454329257
1461244106.3373360634 -1.6254557252 2.6629160445 1.1215004972
1461244106.3800609112 -1.6643253942 2.6779016157 1.2004816426
1461244106.4192943573 -1.7045290532 2.6942774559 1.2784645149
1461244106.4573154449 -1.7413315863 2.7074996211 1.3479377940
1461244106.4973175526 -1.7801604612 2.7175703290 1.4220939295
1461244106.5372996330 -1.8175058768 2.7237814432 1.4931396831
1461244106.5773503780 -1.8590724981 2.7301455016 1.5720029067
1461244106.6198837757 -1.9009297038 2.7340429764 1.6527246289
1461244106.6573107243 -1.9460629332 2.7361351349 1.7365664740
1461244106.6972613335 -1.9898253840 2.7378436327 1.8147019299
1461244106.7372777462 -2.0321316551 2.7367564515 1.8936809551
1461244106.7772631645 -2.0727998811 2.7370180209 1.9701445890
1461244106.8199355602 -2.1192788890 2.7380687683 2.0536776968
1461244106.8572771549 -2.1689269840 2.7387565978 2.1408677984
1461244106.8971722126 -2.2114712968 2.7395459129 2.2107198318
1461244106.9370932579 -2.2498113904 2.7422526080 2.2747128185
1461244106.9771671295 -2.2944285495 2.7483748994 2.3450602676
1461244107.0193836689 -2.3476843438 2.7570053606 2.4159806300
1461244107.0572142601 -2.3965644046 2.7635237377 2.4731322893
1461244107.0973396301 -2.4396317106 2.7719960564 2.5300130973
1461244107.1373147964 -2.4796043393 2.7801381605 2.5829789063
1461244107.1771817207 -2.5191301944 2.7886179427 2.6365551734
1461244107.2192780972 -2.5647132746 2.7931742412 2.7014067428
1461244107.2572844028 -2.6042701241 2.7928906743 2.7540090572
1461244107.2989947796 -2.6466912777 2.7906899380 2.8102807400
1461244107.3372550011 -2.6833130249 2.7856299816 2.8616166667
1461244107.3772873878 -2.7197297122 2.7790146370 2.9139767240
1461244107.4196059704 -2.7603314324 2.7692323630 2.9696288283
1461244107.4572663307 NaN NaN NaN
1461244107.4979288578 NaN NaN NaN
1461244107.5372493267 NaN NaN NaN
1461244107.5774488449 NaN NaN NaN
1461244107.6197478771 NaN NaN NaN
1461244107.6580047607 NaN NaN NaN
1461244107.6974511147 NaN NaN NaN
1461244107.7371814251 NaN NaN NaN
1461244107.7773237228 NaN NaN NaN
1461244107.8235483170 NaN NaN NaN
1461244107.8571972847 NaN NaN NaN
1461244107.8972034454 NaN NaN NaN
1461244107.9371931553 NaN NaN NaN
1461244107.9771707058 NaN NaN NaN
1461244108.0197508335 NaN NaN NaN
1461244108.0571818352 NaN NaN NaN
1461244108.0982072353 NaN NaN NaN
1461244108.1372158527 NaN NaN NaN
1461244108.1771259308 NaN NaN NaN
1461244108.2195937634 NaN NaN NaN
1461244108.2572522163 NaN NaN NaN
1461244108.2972280979 NaN NaN NaN
1461244108.3372304440 NaN NaN NaN
1461244108.3799655437 NaN NaN NaN
1461244108.4193270206 NaN NaN NaN
1461244108.4571125507 NaN NaN NaN
1461244108.4971446991 NaN NaN NaN
1461244108.5377051830 NaN NaN NaN
1461244108.5794498920 NaN NaN NaN
1461244108.6202676296 NaN NaN NaN
1461244108.6570069790 NaN NaN NaN
1461244108.6979029179 NaN NaN NaN
1461244108.7371137142 NaN NaN NaN
1461244108.7770583630 NaN NaN NaN
1461244108.8235681057 NaN NaN NaN
1461244108.8571376801 NaN NaN NaN
1461244108.8971090317 NaN NaN NaN
1461244108.9371864796 NaN NaN NaN
1461244108.9771063328 NaN NaN NaN
1461244109.0192756653 NaN NaN NaN
1461244109.0598020554 NaN NaN NaN
1461244109.0970482826 NaN NaN NaN
1461244109.1398866177 NaN NaN NaN
1461244109.1785748005 NaN NaN NaN
1461244109.2200212479 NaN NaN NaN
1461244109.2570362091 NaN NaN NaN
1461244109.2970728874 NaN NaN NaN
1461244109.3371329308 NaN NaN NaN
1461244109.3771123886 NaN NaN NaN
1461244109.4192104340 NaN NaN NaN
1461244109.4570856094 NaN NaN NaN
1461244109.4970824718 NaN NaN NaN
1461244109.5370867252 NaN NaN NaN
1461244109.5794312954 NaN NaN NaN
1461244109.6181228161 NaN NaN NaN
1461244109.6574552059 NaN NaN NaN
1461244109.6970760822 NaN NaN NaN
1461244109.7370719910 NaN NaN NaN
1461244109.7770748138 NaN NaN NaN
1461244109.8189890385 NaN NaN NaN
1461244109.8582189083 NaN NaN NaN
1461244109.8971252441 NaN NaN NaN
1461244109.9370043278 NaN NaN NaN
1461244109.9770083427 NaN NaN NaN
1461244110.0205340385 NaN NaN NaN
1461244110.0569860935 NaN NaN NaN
1461244110.0971198082 NaN NaN NaN
1461244110.1376771927 NaN NaN NaN
1461244110.1770260334 NaN NaN NaN
1461244110.2194664478 NaN NaN NaN
1461244110.2570829391 NaN NaN NaN
1461244110.2970716953 NaN NaN NaN
1461244110.3371512890 NaN NaN NaN
1461244110.3770990372 NaN NaN NaN
1461244110.4193923473 NaN NaN NaN
1461244110.4570953846 NaN NaN NaN
1461244110.4971041679 NaN NaN NaN
1461244110.5370712280 NaN NaN NaN
1461244110.5769450665 NaN NaN NaN
1461244110.6195440292 NaN NaN NaN
1461244110.6569957733 NaN NaN NaN
1461244110.6970286369 NaN NaN NaN
1461244110.7369835377 NaN NaN NaN
1461244110.7769529819 NaN NaN NaN
1461244110.8194272518 NaN NaN NaN
1461244110.8570477962 NaN NaN NaN
1461244110.8971965313 NaN NaN NaN
1461244110.9396810532 NaN NaN NaN
1461244110.9769320488 NaN NaN NaN
1461244111.0194215775 NaN NaN NaN
1461244111.0570340157 NaN NaN NaN
1461244111.0969979763 NaN NaN NaN
1461244111.1369631290 NaN NaN NaN
1461244111.1770026684 NaN NaN NaN
1461244111.2193667889 NaN NaN NaN
1461244111.2570312023 NaN NaN NaN
1461244111.2975161076 NaN NaN NaN
1461244111.3369209766 NaN NaN NaN
1461244111.3794846535 NaN NaN NaN
1461244111.4193265438 NaN NaN NaN
1461244111.4572775364 NaN NaN NaN
1461244111.4998633862 NaN NaN NaN
1461244111.5370016098 NaN NaN NaN
1461244111.5775780678 NaN NaN NaN
1461244111.6204795837 NaN NaN NaN
1461244111.6568877697 NaN NaN NaN
1461244111.6980860233 NaN NaN NaN
1461244111.7385697365 NaN NaN NaN
1461244111.7770938873 NaN NaN NaN
1461244111.8190176487 NaN NaN NaN
1461244111.8584525585 NaN NaN NaN
1461244111.8968203068 NaN NaN NaN
1461244111.9369568825 NaN NaN NaN
1461244111.9775948524 NaN NaN NaN
1461244112.0189397335 NaN NaN NaN
1461244112.0576472282 NaN NaN NaN
1461244112.0969152451 NaN NaN NaN
1461244112.1369764805 NaN NaN NaN
1461244112.1769020557 NaN NaN NaN
1461244112.2192325592 NaN NaN NaN
1461244112.2597873211 NaN NaN NaN
1461244112.2969322205 NaN NaN NaN
1461244112.3373231888 NaN NaN NaN
1461244112.3769330978 NaN NaN NaN
1461244112.4193367958 NaN NaN NaN
1461244112.4597198963 NaN NaN NaN
1461244112.5004253387 NaN NaN NaN
1461244112.5395438671 NaN NaN NaN
1461244112.5774960518 NaN NaN NaN
1461244112.6192028522 NaN NaN NaN
1461244112.6590282917 NaN NaN NaN
1461244112.6967506409 NaN NaN NaN
1461244112.7368860245 NaN NaN NaN
1461244112.7773902416 NaN NaN NaN
1461244112.8196587563 NaN NaN NaN
1461244112.8568100929 NaN NaN NaN
1461244112.8975160122 NaN NaN NaN
1461244112.9368069172 NaN NaN NaN
1461244112.9768514633 NaN NaN NaN
1461244113.0168857574 NaN NaN NaN
1461244113.0568704605 NaN NaN NaN
1461244113.0967922211 NaN NaN NaN
1461244113.1368496418 NaN NaN NaN
1461244113.1768355370 NaN NaN NaN
1461244113.2168524265 NaN NaN NaN
1461244113.2592892647 NaN NaN NaN
1461244113.2968504429 NaN NaN NaN
1461244113.3368463516 NaN NaN NaN
1461244113.3768327236 NaN NaN NaN
1461244113.4185931683 NaN NaN NaN
1461244113.4567809105 NaN NaN NaN
1461244113.4971687794 NaN NaN NaN
1461244113.5368454456 NaN NaN NaN
1461244113.5780384541 NaN NaN NaN
1461244113.6186237335 NaN NaN NaN
1461244113.6567230225 NaN NaN NaN
1461244113.6968710423 NaN NaN NaN
1461244113.7379987240 NaN NaN NaN
1461244113.7768466473 NaN NaN NaN
1461244113.8168816566 NaN NaN NaN
1461244113.8569023609 NaN NaN NaN
1461244113.8967685699 NaN NaN NaN
1461244113.9393563271 NaN NaN NaN
1461244113.9788248539 NaN NaN NaN
1461244114.0174002647 NaN NaN NaN
1461244114.0568408966 NaN NaN NaN
1461244114.0968360901 NaN NaN NaN
1461244114.1368787289 NaN NaN NaN
1461244114.1767654419 NaN NaN NaN
1461244114.2190375328 NaN NaN NaN
1461244114.2577102184 NaN NaN NaN
1461244114.2967703342 NaN NaN NaN
1461244114.3368604183 NaN NaN NaN
1461244114.3797101974 NaN NaN NaN
1461244114.4186913967 NaN NaN NaN
1461244114.4567961693 NaN NaN NaN
1461244114.4969527721 NaN NaN NaN
1461244114.5368163586 NaN NaN NaN
1461244114.5767133236 NaN NaN NaN
1461244114.6191430092 NaN NaN NaN
1461244114.6567399502 NaN NaN NaN
1461244114.6968162060 NaN NaN NaN
1461244114.7371530533 NaN NaN NaN
1461244114.7768127918 NaN NaN NaN
1461244114.8189268112 NaN NaN NaN
1461244114.8567161560 NaN NaN NaN
1461244114.8968529701 NaN NaN NaN
1461244114.9368631840 NaN NaN NaN
1461244114.9767000675 NaN NaN NaN
1461244115.0186078548 NaN NaN NaN
1461244115.0567779541 NaN NaN NaN
1461244115.0968635082 NaN NaN NaN
1461244115.1367819309 NaN NaN NaN
1461244115.1766755581 NaN NaN NaN
1461244115.2190353870 NaN NaN NaN
1461244115.2589495182 NaN NaN NaN
1461244115.2968809605 NaN NaN NaN
1461244115.3367998600 NaN NaN NaN
1461244115.3767848015 NaN NaN NaN
1461244115.4189980030 NaN NaN NaN
1461244115.4567332268 NaN NaN NaN
1461244115.4967429638 NaN NaN NaN
1461244115.5367512703 NaN NaN NaN
1461244115.5767023563 NaN NaN NaN
1461244115.6185824871 NaN NaN NaN
1461244115.6567742825 NaN NaN NaN
1461244115.6967544556 NaN NaN NaN
1461244115.7390162945 NaN NaN NaN
1461244115.7782747746 NaN NaN NaN
1461244115.8188357353 NaN NaN NaN
1461244115.8578498363 NaN NaN NaN
1461244115.8967318535 NaN NaN NaN
1461244115.9368429184 NaN NaN NaN
1461244115.9766385555 NaN NaN NaN
1461244116.0191814899 NaN NaN NaN
1461244116.0567274094 NaN NaN NaN
1461244116.0967488289 NaN NaN NaN
1461244116.1366508007 NaN NaN NaN
1461244116.1776440144 NaN NaN NaN
1461244116.2186517715 NaN NaN NaN
1461244116.2567791939 NaN NaN NaN
1461244116.2967760563 NaN NaN NaN
1461244116.3390026093 NaN NaN NaN
1461244116.3767104149 NaN NaN NaN
1461244116.4188735485 NaN NaN NaN
1461244116.4567258358 NaN NaN NaN
1461244116.4967169762 NaN NaN NaN
1461244116.5366797447 NaN NaN NaN
1461244116.5775387287 NaN NaN NaN
1461244116.6167275906 NaN NaN NaN
1461244116.6567142010 NaN NaN NaN
1461244116.6967644691 NaN NaN NaN
1461244116.7367329597 NaN NaN NaN
1461244116.7772090435 NaN NaN NaN
1461244116.8172676563 NaN NaN NaN
1461244116.8567547798 NaN NaN NaN
1461244116.8968408108 NaN NaN NaN
1461244116.9366722107 NaN NaN NaN
1461244116.9772951603 NaN NaN NaN
1461244117.0167431831 NaN NaN NaN
1461244117.0573105812 NaN NaN NaN
1461244117.0968210697 NaN NaN NaN
1461244117.1368601322 NaN NaN NaN
1461244117.1766934395 NaN NaN NaN
1461244117.2168447971 NaN NaN NaN
1461244117.2567510605 NaN NaN NaN
1461244117.2966818810 NaN NaN NaN
1461244117.3368158340 NaN NaN NaN
1461244117.3766913414 NaN NaN NaN
1461244117.4186561108 NaN NaN NaN
1461244117.4566309452 NaN NaN NaN
1461244117.4966962337 NaN NaN NaN
1461244117.5366041660 NaN NaN NaN
1461244117.5766100883 NaN NaN NaN
1461244117.6189668179 NaN NaN NaN
1461244117.6566207409 NaN NaN NaN
1461244117.6966526508 NaN NaN NaN
1461244117.7366168499 NaN NaN NaN
1461244117.7769336700 NaN NaN NaN
1461244117.8183305264 NaN NaN NaN
1461244117.8566179276 NaN NaN NaN
1461244117.8968884945 NaN NaN NaN
1461244117.9365465641 NaN NaN NaN
1461244117.9766352177 NaN NaN NaN
1461244118.0182530880 NaN NaN NaN
1461244118.0565242767 NaN NaN NaN
1461244118.0966258049 NaN NaN NaN
1461244118.1366615295 NaN NaN NaN
1461244118.1764509678 NaN NaN NaN
1461244118.2192409039 NaN NaN NaN
1461244118.2565298080 NaN NaN NaN
1461244118.2966408730 NaN NaN NaN
1461244118.3365256786 NaN NaN NaN
1461244118.3766150475 NaN NaN NaN
1461244118.4184184074 NaN NaN NaN
1461244118.4566214085 NaN NaN NaN
1461244118.4965195656 NaN NaN NaN
1461244118.5364563465 NaN NaN NaN
1461244118.5765156746 NaN NaN NaN
1461244118.6195979118 NaN NaN NaN
1461244118.6578843594 NaN NaN NaN
1461244118.6972780228 NaN NaN NaN
1461244118.7365863323 NaN NaN NaN
1461244118.7764534950 NaN NaN NaN
1461244118.8199844360 NaN NaN NaN
1461244118.8565709591 NaN NaN NaN
1461244118.8965179920 NaN NaN NaN
1461244118.9364757538 NaN NaN NaN
1461244118.9779918194 NaN NaN NaN
1461244119.0189857483 NaN NaN NaN
1461244119.0577774048 NaN NaN NaN
1461244119.0965085030 NaN NaN NaN
1461244119.1366336346 NaN NaN NaN
1461244119.1767523289 NaN NaN NaN
1461244119.2188322544 NaN NaN NaN
1461244119.2565429211 NaN NaN NaN
1461244119.2975399494 NaN NaN NaN
1461244119.3377315998 NaN NaN NaN
1461244119.3765690327 NaN NaN NaN
1461244119.4197659492 NaN NaN NaN
1461244119.4564881325 NaN NaN NaN
1461244119.4965250492 NaN NaN NaN
1461244119.5366954803 NaN NaN NaN
1461244119.5764298439 NaN NaN NaN
1461244119.6186134815 NaN NaN NaN
1461244119.6565392017 NaN NaN NaN
1461244119.6965396404 NaN NaN NaN
1461244119.7365188599 NaN NaN NaN
1461244119.7764348984 NaN NaN NaN
1461244119.8185293674 NaN NaN NaN
1461244119.8587725163 NaN NaN NaN
1461244119.8964111805 NaN NaN NaN
1461244119.9374835491 NaN NaN NaN
1461244119.9765124321 NaN NaN NaN
1461244120.0186607838 NaN NaN NaN
1461244120.0564723015 NaN NaN NaN
1461244120.0962736607 NaN NaN NaN
1461244120.1364676952 NaN NaN NaN
1461244120.1763830185 NaN NaN NaN
1461244120.2186024189 NaN NaN NaN
1461244120.2564740181 NaN NaN NaN
1461244120.2964773178 NaN NaN NaN
1461244120.3364398479 NaN NaN NaN
1461244120.3766098022 NaN NaN NaN
1461244120.4186778069 NaN NaN NaN
1461244120.4564714432 NaN NaN NaN
1461244120.4964120388 NaN NaN NaN
1461244120.5364148617 NaN NaN NaN
1461244120.5764677525 NaN NaN NaN
1461244120.6186273098 NaN NaN NaN
1461244120.6564967632 NaN NaN NaN
1461244120.6965045929 NaN NaN NaN
1461244120.7364358902 NaN NaN NaN
1461244120.7764871120 NaN NaN NaN
1461244120.8187589645 NaN NaN NaN
1461244120.8564360142 NaN NaN NaN
1461244120.8970806599 NaN NaN NaN
1461244120.9364233017 NaN NaN NaN
1461244120.9793503284 NaN NaN NaN
1461244121.0187726021 NaN NaN NaN
1461244121.0564730167 NaN NaN NaN
1461244121.0963988304 NaN NaN NaN
1461244121.1364645958 NaN NaN NaN
1461244121.1763901711 NaN NaN NaN
1461244121.2205147743 NaN NaN NaN
1461244121.2563726902 NaN NaN NaN
1461244121.2976598740 NaN NaN NaN
1461244121.3364498615 NaN NaN NaN
1461244121.3763163090 NaN NaN NaN
1461244121.4189848900 NaN NaN NaN
1461244121.4563860893 NaN NaN NaN
1461244121.4964833260 NaN NaN NaN
1461244121.5364606380 NaN NaN NaN
1461244121.5764288902 NaN NaN NaN
1461244121.6189694405 NaN NaN NaN
1461244121.6563785076 NaN NaN NaN
1461244121.6964457035 NaN NaN NaN
1461244121.7364432812 NaN NaN NaN
1461244121.7762758732 NaN NaN NaN
1461244121.8189203739 NaN NaN NaN
1461244121.8564331532 NaN NaN NaN
1461244121.8964025974 NaN NaN NaN
1461244121.9381310940 NaN NaN NaN
1461244121.9763360023 NaN NaN NaN
1461244122.0186214447 NaN NaN NaN
1461244122.0563967228 NaN NaN NaN
1461244122.0962381363 NaN NaN NaN
1461244122.1363770962 NaN NaN NaN
1461244122.1763482094 NaN NaN NaN
1461244122.2180500031 NaN NaN NaN
1461244122.2562620640 NaN NaN NaN
1461244122.2963206768 NaN NaN NaN
1461244122.3386282921 NaN NaN NaN
1461244122.3767156601 NaN NaN NaN
1461244122.4183032513 NaN NaN NaN
1461244122.4562427998 NaN NaN NaN
1461244122.4963097572 NaN NaN NaN
1461244122.5362904072 NaN NaN NaN
1461244122.5762395859 NaN NaN NaN
1461244122.6183290482 NaN NaN NaN
1461244122.6562452316 NaN NaN NaN
1461244122.6966447830 NaN NaN NaN
1461244122.7363679409 NaN NaN NaN
1461244122.7763812542 NaN NaN NaN
1461244122.8181462288 NaN NaN NaN
1461244122.8562941551 NaN NaN NaN
1461244122.8962342739 NaN NaN NaN
1461244122.9362354279 NaN NaN NaN
1461244122.9762551785 NaN NaN NaN
1461244123.0183167458 NaN NaN NaN
1461244123.0563008785 NaN NaN NaN
1461244123.0961911678 NaN NaN NaN
1461244123.1367714405 NaN NaN NaN
1461244123.1773982048 NaN NaN NaN
1461244123.2192816734 NaN NaN NaN
1461244123.2562735081 NaN NaN NaN
1461244123.2963671684 NaN NaN NaN
1461244123.3362820148 NaN NaN NaN
1461244123.3791737556 NaN NaN NaN
1461244123.4197926521 NaN NaN NaN
1461244123.4562542439 NaN NaN NaN
1461244123.4962372780 NaN NaN NaN
1461244123.5368044376 NaN NaN NaN
1461244123.5764975548 NaN NaN NaN
1461244123.6181888580 NaN NaN NaN
1461244123.6561939716 NaN NaN NaN
1461244123.6965150833 NaN NaN NaN
1461244123.7363343239 NaN NaN NaN
1461244123.7763016224 NaN NaN NaN
1461244123.8182127476 NaN NaN NaN
1461244123.8572475910 NaN NaN NaN
1461244123.8967077732 NaN NaN NaN
1461244123.9362978935 NaN NaN NaN
1461244123.9761681557 NaN NaN NaN
1461244124.0180594921 NaN NaN NaN
1461244124.0562112331 NaN NaN NaN
1461244124.0969657898 NaN NaN NaN
1461244124.1365504265 NaN NaN NaN
1461244124.1768393517 NaN NaN NaN
1461244124.2227056026 NaN NaN NaN
1461244124.2560417652 NaN NaN NaN
1461244124.2963204384 NaN NaN NaN
1461244124.3368537426 NaN NaN NaN
1461244124.3765976429 NaN NaN NaN
1461244124.4190406799 NaN NaN NaN
1461244124.4567730427 NaN NaN NaN
1461244124.4969644547 NaN NaN NaN
1461244124.5362784863 NaN NaN NaN
1461244124.5778229237 NaN NaN NaN
1461244124.6189320087 NaN NaN NaN
1461244124.6568260193 NaN NaN NaN
1461244124.6962063313 NaN NaN NaN
1461244124.7361848354 NaN NaN NaN
1461244124.7761065960 NaN NaN NaN
1461244124.8177001476 NaN NaN NaN
1461244124.8560647964 NaN NaN NaN
1461244124.8961539268 NaN NaN NaN
1461244124.9361560345 NaN NaN NaN
1461244124.9761536121 NaN NaN NaN
1461244125.0179922581 NaN NaN NaN
1461244125.0562341213 NaN NaN NaN
1461244125.0961842537 NaN NaN NaN
1461244125.1360960007 NaN NaN NaN
1461244125.1761939526 NaN NaN NaN
1461244125.2179987431 NaN NaN NaN
1461244125.2562787533 NaN NaN NaN
1461244125.2962059975 NaN NaN NaN
1461244125.3362753391 NaN NaN NaN
1461244125.3760848045 NaN NaN NaN
1461244125.4178452492 NaN NaN NaN
1461244125.4564795494 NaN NaN NaN
1461244125.4961459637 NaN NaN NaN
1461244125.5360090733 NaN NaN NaN
1461244125.5760509968 NaN NaN NaN
1461244125.6220660210 NaN NaN NaN
1461244125.6560709476 NaN NaN NaN
1461244125.6961159706 NaN NaN NaN
1461244125.7361509800 NaN NaN NaN
1461244125.7760987282 NaN NaN NaN
1461244125.8180561066 NaN NaN NaN
1461244125.8563005924 NaN NaN NaN
1461244125.8962247372 NaN NaN NaN
1461244125.9360368252 NaN NaN NaN
1461244125.9760525227 NaN NaN NaN
1461244126.0181975365 NaN NaN NaN
1461244126.0560555458 NaN NaN NaN
1461244126.0961127281 NaN NaN NaN
1461244126.1367149353 NaN NaN NaN
1461244126.1772227287 NaN NaN NaN
1461244126.2182958126 NaN NaN NaN
1461244126.2568485737 NaN NaN NaN
1461244126.2962369919 NaN NaN NaN
1461244126.3361213207 NaN NaN NaN
1461244126.3762073517 NaN NaN NaN
1461244126.4185178280 NaN NaN NaN
1461244126.4560825825 NaN NaN NaN
1461244126.4976704121 NaN NaN NaN
1461244126.5360770226 NaN NaN NaN
1461244126.5761132240 NaN NaN NaN
1461244126.6162765026 NaN NaN NaN
1461244126.6561024189 NaN NaN NaN
1461244126.6960835457 NaN NaN NaN
1461244126.7360801697 NaN NaN NaN
1461244126.7762157917 NaN NaN NaN
1461244126.8184463978 NaN NaN NaN
1461244126.8560435772 NaN NaN NaN
1461244126.8964350224 NaN NaN NaN
1461244126.9360160828 NaN NaN NaN
1461244126.9763617516 NaN NaN NaN
1461244127.0185418129 NaN NaN NaN
1461244127.0560884476 NaN NaN NaN
1461244127.0960471630 NaN NaN NaN
1461244127.1360561848 NaN NaN NaN
1461244127.1759843826 NaN NaN NaN
1461244127.2212619781 NaN NaN NaN
1461244127.2560639381 NaN NaN NaN
1461244127.2960717678 NaN NaN NaN
1461244127.3360724449 NaN NaN NaN
1461244127.3770585060 NaN NaN NaN
1461244127.4184596539 NaN NaN NaN
1461244127.4562194347 NaN NaN NaN
1461244127.4960410595 NaN NaN NaN
1461244127.5360908508 NaN NaN NaN
1461244127.5762763023 NaN NaN NaN
1461244127.6197347641 NaN NaN NaN
1461244127.6559574604 NaN NaN NaN
1461244127.6960146427 NaN NaN NaN
1461244127.7388868332 NaN NaN NaN
1461244127.7760782242 NaN NaN NaN
1461244127.8198442459 NaN NaN NaN
1461244127.8558063507 NaN NaN NaN
1461244127.8987176418 NaN NaN NaN
1461244127.9360466003 NaN NaN NaN
1461244127.9771311283 NaN NaN NaN
1461244128.0181343555 NaN NaN NaN
1461244128.0560071468 NaN NaN NaN
1461244128.0959949493 NaN NaN NaN
1461244128.1359703541 NaN NaN NaN
1461244128.1759021282 NaN NaN NaN
1461244128.2181651592 NaN NaN NaN
1461244128.2561545372 NaN NaN NaN
1461244128.2959938049 NaN NaN NaN
1461244128.3359696865 NaN NaN NaN
1461244128.3767473698 NaN NaN NaN
1461244128.4180779457 NaN NaN NaN
1461244128.4559178352 NaN NaN NaN
1461244128.4959199429 NaN NaN NaN
1461244128.5361590385 NaN NaN NaN
1461244128.5758941174 NaN NaN NaN
1461244128.6182315350 NaN NaN NaN
1461244128.6559720039 NaN NaN NaN
1461244128.6959846020 NaN NaN NaN
1461244128.7360062599 NaN NaN NaN
1461244128.7758686543 NaN NaN NaN
1461244128.8184587955 NaN NaN NaN
1461244128.8565340042 NaN NaN NaN
1461244128.8961517811 NaN NaN NaN
1461244128.9366993904 NaN NaN NaN
1461244128.9758608341 NaN NaN NaN
1461244129.0184938908 NaN NaN NaN
1461244129.0561876297 NaN NaN NaN
1461244129.0959792137 NaN NaN NaN
1461244129.1358644962 NaN NaN NaN
1461244129.1759932041 NaN NaN NaN
1461244129.2181458473 NaN NaN NaN
1461244129.2562141418 NaN NaN NaN
1461244129.2958750725 NaN NaN NaN
1461244129.3359680176 NaN NaN NaN
1461244129.3759531975 NaN NaN NaN
1461244129.4197528362 NaN NaN NaN
1461244129.4559440613 NaN NaN NaN
1461244129.4965660572 NaN NaN NaN
1461244129.5359137058 NaN NaN NaN
1461244129.5758516788 NaN NaN NaN
1461244129.6179816723 NaN NaN NaN
1461244129.6561079025 NaN NaN NaN
1461244129.6957943439 NaN NaN NaN
1461244129.7359712124 NaN NaN NaN
1461244129.7759151459 NaN NaN NaN
1461244129.8184158802 NaN NaN NaN
1461244129.8561213017 NaN NaN NaN
1461244129.8959290981 NaN NaN NaN
1461244129.9359726906 NaN NaN NaN
1461244129.9757854939 NaN NaN NaN
1461244130.0187790394 NaN NaN NaN
1461244130.0559597015 NaN NaN NaN
1461244130.0957925320 NaN NaN NaN
1461244130.1358139515 NaN NaN NaN
1461244130.1758441925 NaN NaN NaN
1461244130.2177221775 NaN NaN NaN
1461244130.2558219433 NaN NaN NaN
1461244130.2959127426 NaN NaN NaN
1461244130.3361082077 NaN NaN NaN
1461244130.3763928413 NaN NaN NaN
1461244130.4199504852 NaN NaN NaN
1461244130.4568500519 NaN NaN NaN
1461244130.4959142208 NaN NaN NaN
1461244130.5357513428 NaN NaN NaN
1461244130.5760576725 NaN NaN NaN
1461244130.6175775528 NaN NaN NaN
1461244130.6557984352 NaN NaN NaN
1461244130.6958930492 NaN NaN NaN
1461244130.7358691692 NaN NaN NaN
1461244130.7757163048 NaN NaN NaN
1461244130.8177559376 NaN NaN NaN
1461244130.8557622433 NaN NaN NaN
1461244130.8958044052 NaN NaN NaN
1461244130.9357390404 NaN NaN NaN
1461244130.9762794971 NaN NaN NaN
1461244131.0176889896 NaN NaN NaN
1461244131.0557892323 NaN NaN NaN
1461244131.0957758427 NaN NaN NaN
1461244131.1361441612 NaN NaN NaN
1461244131.1758427620 NaN NaN NaN
1461244131.2182912827 NaN NaN NaN
1461244131.2557678223 NaN NaN NaN
1461244131.2956137657 NaN NaN NaN
1461244131.3358073235 NaN NaN NaN
1461244131.3786151409 NaN NaN NaN
1461244131.4178931713 NaN NaN NaN
1461244131.4564254284 NaN NaN NaN
1461244131.4957654476 NaN NaN NaN
1461244131.5357885361 NaN NaN NaN
1461244131.5756556988 NaN NaN NaN
1461244131.6177952290 NaN NaN NaN
1461244131.6557612419 NaN NaN NaN
1461244131.6957721710 NaN NaN NaN
1461244131.7363181114 NaN NaN NaN
1461244131.7757189274 NaN NaN NaN
1461244131.8193495274 NaN NaN NaN
1461244131.8558506966 NaN NaN NaN
1461244131.8975722790 NaN NaN NaN
1461244131.9357750416 NaN NaN NaN
1461244131.9756500721 NaN NaN NaN
1461244132.0179924965 NaN NaN NaN
1461244132.0557482243 NaN NaN NaN
1461244132.0959863663 NaN NaN NaN
1461244132.1357183456 NaN NaN NaN
1461244132.1757731438 NaN NaN NaN
1461244132.2199351788 NaN NaN NaN
1461244132.2558035851 NaN NaN NaN
1461244132.2956240177 NaN NaN NaN
1461244132.3357479572 NaN NaN NaN
1461244132.3756961823 NaN NaN NaN
1461244132.4183866978 NaN NaN NaN
1461244132.4557065964 NaN NaN NaN
1461244132.4957208633 NaN NaN NaN
1461244132.5356769562 NaN NaN NaN
1461244132.5756478310 NaN NaN NaN
1461244132.6179451942 NaN NaN NaN
1461244132.6557636261 NaN NaN NaN
1461244132.6957004070 NaN NaN NaN
1461244132.7356295586 NaN NaN NaN
1461244132.7756171227 NaN NaN NaN
1461244132.8177359104 NaN NaN NaN
1461244132.8557524681 NaN NaN NaN
1461244132.8957395554 NaN NaN NaN
1461244132.9360649586 NaN NaN NaN
1461244132.9757504463 NaN NaN NaN
1461244133.0178582668 NaN NaN NaN
1461244133.0557599068 NaN NaN NaN
1461244133.0957455635 NaN NaN NaN
1461244133.1361386776 NaN NaN NaN
1461244133.1757009029 NaN NaN NaN
1461244133.2187807560 NaN NaN NaN
1461244133.2556259632 NaN NaN NaN
1461244133.2976360321 NaN NaN NaN
1461244133.3356368542 NaN NaN NaN
1461244133.3761968613 NaN NaN NaN
1461244133.4174060822 NaN NaN NaN
1461244133.4567723274 NaN NaN NaN
1461244133.4971618652 NaN NaN NaN
1461244133.5356602669 NaN NaN NaN
1461244133.5784764290 NaN NaN NaN
1461244133.6178309917 NaN NaN NaN
1461244133.6557836533 NaN NaN NaN
1461244133.6956152916 NaN NaN NaN
1461244133.7384202480 NaN NaN NaN
1461244133.7756462097 NaN NaN NaN
1461244133.8202929497 NaN NaN NaN
1461244133.8556005955 NaN NaN NaN
1461244133.8957138062 NaN NaN NaN
1461244133.9366254807 NaN NaN NaN
1461244133.9756269455 NaN NaN NaN
1461244134.0156419277 NaN NaN NaN
1461244134.0556101799 NaN NaN NaN
1461244134.0956075191 NaN NaN NaN
1461244134.1355297565 NaN NaN NaN
1461244134.1772706509 NaN NaN NaN
1461244134.2166943550 NaN NaN NaN
1461244134.2555994987 NaN NaN NaN
1461244134.2967104912 NaN NaN NaN
1461244134.3356139660 NaN NaN NaN
1461244134.3756184578 NaN NaN NaN
1461244134.4178400040 NaN NaN NaN
1461244134.4555370808 NaN NaN NaN
1461244134.4955332279 NaN NaN NaN
1461244134.5355374813 NaN NaN NaN
1461244134.5756061077 NaN NaN NaN
1461244134.6175630093 NaN NaN NaN
1461244134.6555247307 NaN NaN NaN
1461244134.6955296993 NaN NaN NaN
1461244134.7355451584 NaN NaN NaN
1461244134.7755789757 NaN NaN NaN
1461244134.8181877136 NaN NaN NaN
1461244134.8555586338 NaN NaN NaN
1461244134.8955831528 NaN NaN NaN
1461244134.9355828762 NaN NaN NaN
1461244134.9756281376 NaN NaN NaN
1461244135.0175642967 NaN NaN NaN
1461244135.0555975437 NaN NaN NaN
1461244135.0956373215 NaN NaN NaN
1461244135.1355841160 NaN NaN NaN
1461244135.1754667759 NaN NaN NaN
1461244135.2180700302 NaN NaN NaN
1461244135.2555472851 NaN NaN NaN
1461244135.2954730988 NaN NaN NaN
1461244135.3354480267 NaN NaN NaN
1461244135.3755943775 NaN NaN NaN
1461244135.4191579819 NaN NaN NaN
1461244135.4555702209 NaN NaN NaN
1461244135.4955255985 NaN NaN NaN
1461244135.5355567932 NaN NaN NaN
1461244135.5754485130 NaN NaN NaN
1461244135.6183888912 NaN NaN NaN
1461244135.6555397511 NaN NaN NaN
1461244135.6955475807 NaN NaN NaN
1461244135.7355337143 NaN NaN NaN
1461244135.7754390240 NaN NaN NaN
1461244135.8156547546 NaN NaN NaN
1461244135.8554937840 NaN NaN NaN
1461244135.8955743313 NaN NaN NaN
1461244135.9355189800 NaN NaN NaN
1461244135.9754891396 NaN NaN NaN
1461244136.0184342861 NaN NaN NaN
1461244136.0555391312 NaN NaN NaN
1461244136.0983700752 NaN NaN NaN
1461244136.1354935169 NaN NaN NaN
1461244136.1772515774 NaN NaN NaN
1461244136.2178411484 NaN NaN NaN
1461244136.2555041313 NaN NaN NaN
1461244136.2954971790 NaN NaN NaN
1461244136.3357598782 NaN NaN NaN
1461244136.3759059906 NaN NaN NaN
1461244136.4177582264 NaN NaN NaN
1461244136.4555110931 NaN NaN NaN
1461244136.4954478741 NaN NaN NaN
1461244136.5355257988 NaN NaN NaN
1461244136.5758435726 NaN NaN NaN
1461244136.6174530983 NaN NaN NaN
1461244136.6555368900 NaN NaN NaN
1461244136.6955065727 NaN NaN NaN
1461244136.7354805470 NaN NaN NaN
1461244136.7754566669 NaN NaN NaN
1461244136.8176860809 NaN NaN NaN
1461244136.8554687500 NaN NaN NaN
1461244136.8955087662 NaN NaN NaN
1461244136.9355349541 NaN NaN NaN
1461244136.9753906727 NaN NaN NaN
1461244137.0181257725 NaN NaN NaN
1461244137.0555264950 NaN NaN NaN
1461244137.0955083370 NaN NaN NaN
1461244137.1358766556 NaN NaN NaN
1461244137.1753935814 NaN NaN NaN
1461244137.2153539658 NaN NaN NaN
1461244137.2557828426 NaN NaN NaN
1461244137.2954969406 NaN NaN NaN
1461244137.3354141712 NaN NaN NaN
1461244137.3753380775 NaN NaN NaN
1461244137.4153771400 NaN NaN NaN
1461244137.4554355145 NaN NaN NaN
1461244137.4953994751 NaN NaN NaN
1461244137.5354344845 NaN NaN NaN
1461244137.5754082203 NaN NaN NaN
1461244137.6178164482 NaN NaN NaN
1461244137.6554846764 NaN NaN NaN
1461244137.6954133511 NaN NaN NaN
1461244137.7354140282 NaN NaN NaN
1461244137.7754192352 NaN NaN NaN
1461244137.8153195381 NaN NaN NaN
1461244137.8553740978 NaN NaN NaN
1461244137.8953838348 NaN NaN NaN
1461244137.9353706837 NaN NaN NaN
1461244137.9753336906 NaN NaN NaN
1461244138.0173215866 NaN NaN NaN
1461244138.0554051399 NaN NaN NaN
1461244138.0953910351 NaN NaN NaN
1461244138.1352927685 NaN NaN NaN
1461244138.1752660275 NaN NaN NaN
1461244138.2178876400 NaN NaN NaN
1461244138.2582075596 NaN NaN NaN
1461244138.2953693867 NaN NaN NaN
1461244138.3354058266 NaN NaN NaN
1461244138.3752658367 NaN NaN NaN
1461244138.4161372185 NaN NaN NaN
1461244138.4553568363 NaN NaN NaN
1461244138.4953765869 NaN NaN NaN
1461244138.5353503227 NaN NaN NaN
1461244138.5775849819 NaN NaN NaN
1461244138.6154124737 NaN NaN NaN
1461244138.6553740501 NaN NaN NaN
1461244138.6969325542 NaN NaN NaN
1461244138.7353119850 NaN NaN NaN
1461244138.7753634453 NaN NaN NaN
1461244138.8178825378 NaN NaN NaN
1461244138.8553147316 NaN NaN NaN
1461244138.8953301907 NaN NaN NaN
1461244138.9353232384 NaN NaN NaN
1461244138.9752259254 NaN NaN NaN
1461244139.0188550949 NaN NaN NaN
1461244139.0553865433 NaN NaN NaN
1461244139.0963840485 NaN NaN NaN
1461244139.1365287304 NaN NaN NaN
1461244139.1753120422 NaN NaN NaN
1461244139.2188396454 NaN NaN NaN
1461244139.2551529408 NaN NaN NaN
1461244139.2953360081 NaN NaN NaN
1461244139.3353378773 NaN NaN NaN
1461244139.3780198097 NaN NaN NaN
1461244139.4174602032 NaN NaN NaN
1461244139.4553117752 NaN NaN NaN
1461244139.4954311848 NaN NaN NaN
1461244139.5352237225 NaN NaN NaN
1461244139.5752320290 NaN NaN NaN
1461244139.6153306961 NaN NaN NaN
1461244139.6553132534 NaN NaN NaN
1461244139.6952350140 NaN NaN NaN
1461244139.7352118492 NaN NaN NaN
1461244139.7753567696 NaN NaN NaN
1461244139.8152973652 NaN NaN NaN
1461244139.8552999496 NaN NaN NaN
1461244139.8952927589 NaN NaN NaN
1461244139.9360122681 NaN NaN NaN
1461244139.9752652645 NaN NaN NaN
1461244140.0173401833 NaN NaN NaN
1461244140.0552802086 NaN NaN NaN
1461244140.0952694416 NaN NaN NaN
1461244140.1352651119 NaN NaN NaN
1461244140.1751766205 NaN NaN NaN
1461244140.2177355289 NaN NaN NaN
1461244140.2552087307 NaN NaN NaN
1461244140.2953636646 NaN NaN NaN
1461244140.3352093697 NaN NaN NaN
1461244140.3751871586 NaN NaN NaN
1461244140.4177362919 NaN NaN NaN
1461244140.4552090168 NaN NaN NaN
1461244140.4958703518 NaN NaN NaN
1461244140.5352482796 NaN NaN NaN
1461244140.5751094818 NaN NaN NaN
1461244140.6181619167 NaN NaN NaN
1461244140.6559369564 NaN NaN NaN
1461244140.6950461864 NaN NaN NaN
1461244140.7351994514 NaN NaN NaN
1461244140.7751498222 NaN NaN NaN
1461244140.8174378872 NaN NaN NaN
1461244140.8552160263 NaN NaN NaN
1461244140.8952429295 NaN NaN NaN
1461244140.9352045059 NaN NaN NaN
1461244140.9761359692 NaN NaN NaN
1461244141.0176334381 NaN NaN NaN
1461244141.0553662777 NaN NaN NaN
1461244141.0952057838 NaN NaN NaN
1461244141.1352148056 NaN NaN NaN
1461244141.1751625538 NaN NaN NaN
1461244141.2179446220 NaN NaN NaN
1461244141.2559001446 NaN NaN NaN
1461244141.2952299118 NaN NaN NaN
1461244141.3352491856 NaN NaN NaN
1461244141.3755443096 NaN NaN NaN
1461244141.4173529148 NaN NaN NaN
1461244141.4557073116 NaN NaN NaN
1461244141.4951586723 NaN NaN NaN
1461244141.5352010727 NaN NaN NaN
1461244141.5751097202 NaN NaN NaN
1461244141.6176986694 NaN NaN NaN
1461244141.6551921368 NaN NaN NaN
1461244141.6951577663 NaN NaN NaN
1461244141.7358474731 NaN NaN NaN
1461244141.7753279209 NaN NaN NaN
1461244141.8151404858 NaN NaN NaN
1461244141.8562853336 NaN NaN NaN
1461244141.8951380253 NaN NaN NaN
1461244141.9380297661 NaN NaN NaN
1461244141.9750382900 NaN NaN NaN
1461244142.0151991844 NaN NaN NaN
1461244142.0550551414 NaN NaN NaN
1461244142.0951533318 NaN NaN NaN
1461244142.1351754665 NaN NaN NaN
1461244142.1750049591 NaN NaN NaN
1461244142.2151081562 NaN NaN NaN
1461244142.2555296421 NaN NaN NaN
1461244142.2951495647 NaN NaN NaN
1461244142.3351435661 NaN NaN NaN
1461244142.3767049313 NaN NaN NaN
1461244142.4163720608 NaN NaN NaN
1461244142.4550225735 NaN NaN NaN
1461244142.4951393604 NaN NaN NaN
1461244142.5351023674 NaN NaN NaN
1461244142.5757517815 NaN NaN NaN
1461244142.6150617599 NaN NaN NaN
1461244142.6554892063 NaN NaN NaN
1461244142.6954817772 NaN NaN NaN
1461244142.7351760864 NaN NaN NaN
1461244142.7749836445 NaN NaN NaN
1461244142.8151388168 NaN NaN NaN
1461244142.8551461697 NaN NaN NaN
1461244142.8954606056 NaN NaN NaN
1461244142.9350914955 NaN NaN NaN
1461244142.9749600887 NaN NaN NaN
1461244143.0170474052 NaN NaN NaN
1461244143.0550627708 NaN NaN NaN
1461244143.0951697826 NaN NaN NaN
1461244143.1362822056 NaN NaN NaN
1461244143.1748354435 NaN NaN NaN
1461244143.2181439400 NaN NaN NaN
1461244143.2551274300 NaN NaN NaN
1461244143.2951555252 NaN NaN NaN
1461244143.3350646496 NaN NaN NaN
1461244143.3751456738 NaN NaN NaN
1461244143.4208350182 NaN NaN NaN
1461244143.4548642635 NaN NaN NaN
1461244143.4950215816 NaN NaN NaN
1461244143.5350623131 NaN NaN NaN
1461244143.5749719143 NaN NaN NaN
1461244143.6173622608 NaN NaN NaN
1461244143.6560504436 NaN NaN NaN
1461244143.6953482628 NaN NaN NaN
1461244143.7367913723 NaN NaN NaN
1461244143.7749750614 NaN NaN NaN
1461244143.8212578297 NaN NaN NaN
1461244143.8549542427 NaN NaN NaN
1461244143.8964631557 NaN NaN NaN
1461244143.9361386299 NaN NaN NaN
1461244143.9761662483 NaN NaN NaN
1461244144.0168788433 NaN NaN NaN
1461244144.0549707413 NaN NaN NaN
1461244144.0950365067 NaN NaN NaN
1461244144.1374471188 NaN NaN NaN
1461244144.1748094559 NaN NaN NaN
1461244144.2179658413 NaN NaN NaN
1461244144.2549300194 NaN NaN NaN
1461244144.2948777676 NaN NaN NaN
1461244144.3350322247 NaN NaN NaN
1461244144.3777787685 NaN NaN NaN
1461244144.4148650169 NaN NaN NaN
1461244144.4561090469 NaN NaN NaN
1461244144.4949066639 -4.8712338480 2.3557288627 2.0861276714
1461244144.5349512100 -4.8332209564 2.3510968495 2.0116074197
1461244144.5764038563 -4.7962226484 2.3509560861 1.9246590619
1461244144.6177225113 -4.7578935257 2.3507771412 1.8439109390
1461244144.6550922394 -4.7304802251 2.3563296772 1.7761378812
1461244144.6950500011 -4.7097235860 2.3630204867 1.7135180970
1461244144.7349030972 NaN NaN NaN
1461244144.7749004364 NaN NaN NaN
1461244144.8172841072 NaN NaN NaN
1461244144.8550086021 -4.6466262855 2.3741102526 1.4729887138
1461244144.8949801922 -4.6414129615 2.3783544371 1.4219482823
1461244144.9351954460 -4.6416510136 2.3846691128 1.3778415143
1461244144.9749867916 -4.6371540701 2.3882556566 1.3287321240
1461244145.0172133446 -4.6352586403 2.3903713259 1.2712078075
1461244145.0549299717 -4.6316998783 2.3914525425 1.2315509041
1461244145.0949223042 -4.6250468694 2.3929986081 1.1856780197
1461244145.1349864006 -4.6181508247 2.3909712871 1.1366024121
1461244145.1748518944 -4.6102152330 2.3870704963 1.0789674099
1461244145.2168931961 -4.6003718998 2.3828434070 1.0248041446
1461244145.2554287910 -4.5901087881 2.3784387903 0.9714368502
1461244145.2951681614 -4.5790240565 2.3774686848 0.9196540145
1461244145.3349454403 -4.5645594051 2.3773900231 0.8709160142
1461244145.3767385483 -4.5482526471 2.3811289693 0.8174928885
1461244145.4164233208 -4.5316038098 2.3912527967 0.7582758544
1461244145.4553081989 -4.5201735437 2.3982722834 0.7136218203
1461244145.4949479103 -4.5136458388 2.4058137777 0.6663237496
1461244145.5377759933 -4.5086144421 2.4137857535 0.6171525834
1461244145.5748615265 -4.5041373493 2.4226938387 0.5663863023
1461244145.6166410446 -4.4998304343 2.4284054021 0.5131037053
1461244145.6548945904 -4.4967575539 2.4300926681 0.4680614119
1461244145.6949069500 -4.4933676896 2.4313876150 0.4187958016
1461244145.7349162102 -4.4921894287 2.4306801373 0.3687298051
1461244145.7762854099 -4.4931463731 2.4270723716 0.3038529049
1461244145.8149342537 NaN NaN NaN
1461244145.8549325466 NaN NaN NaN
1461244145.8952767849 NaN NaN NaN
1461244145.9348866940 NaN NaN NaN
1461244145.9763481617 -4.5045044141 2.3801875065 -0.0423675697
1461244146.0149106979 -4.5070960823 2.3758508805 -0.1092118345
1461244146.0549499989 -4.5092794472 2.3775496934 -0.1869787482
1461244146.0948944092 -4.5139964338 2.3859676739 -0.2586732810
1461244146.1358094215 -4.5226678647 2.3950889584 -0.3401893875
1461244146.1752350330 -4.5311384440 2.4011124295 -0.4074351122
1461244146.2172746658 -4.5409289792 2.4126935621 -0.4814616110
1461244146.2549269199 -4.5448642129 2.4220859005 -0.5373163205
1461244146.2977836132 -4.5450762682 2.4298637937 -0.6107196175
1461244146.3349664211 -4.5475920496 2.4349015285 -0.6672586277
1461244146.3748831749 -4.5538680650 2.4406797717 -0.7395654413
1461244146.4171898365 -4.5605536766 2.4419224695 -0.8081782891
1461244146.4547724724 -4.5658112506 2.4390814480 -0.8672834643
1461244146.4948439598 -4.5719687821 2.4343533206 -0.9312143729
1461244146.5352942944 -4.5799743932 2.4299784003 -1.0053392791
1461244146.5747568607 -4.5834468638 2.4245735053 -1.0778402601
1461244146.6172361374 -4.5877653530 2.4199897424 -1.1602923126
1461244146.6548659801 -4.5900401805 2.4164199943 -1.2213227376
1461244146.6948471069 -4.5923464786 2.4151337460 -1.2996112467
1461244146.7364366055 -4.5940162604 2.4189988175 -1.3800890674
1461244146.7747652531 -4.5960559286 2.4245037200 -1.4458762665
1461244146.8169417381 -4.6002795064 2.4296078912 -1.5176300353
1461244146.8546395302 -4.6025143651 2.4348996434 -1.5710271350
1461244146.8949089050 -4.6018852685 2.4438448282 -1.6276772277
1461244146.9349334240 -4.6000083835 2.4543623061 -1.6923251013
1461244146.9750030041 -4.5993642781 2.4637433059 -1.7610716972
1461244147.0171701908 -4.6006195991 2.4724733438 -1.8244712628
1461244147.0550146103 -4.6007879113 2.4761564327 -1.8791639319
1461244147.0948872566 -4.6042926042 2.4751734152 -1.9367908483
1461244147.1355857849 -4.6098128959 2.4708073035 -1.9954055748
1461244147.1748352051 -4.6171210991 2.4641253342 -2.0674402083
1461244147.2167706490 -4.6284914873 2.4539097563 -2.1362088619
1461244147.2548017502 -4.6398915346 2.4412996742 -2.1935635206
1461244147.2948789597 -4.6521350339 2.4282830694 -2.2538150117
1461244147.3349068165 -4.6656444002 2.4116204767 -2.3214469309
1461244147.3749613762 -4.6806063197 2.3940892079 -2.3935362291
1461244147.4176816940 -4.6993054175 2.3843719736 -2.4602010818
1461244147.4548826218 -4.7156711198 2.3796303149 -2.5082569899
1461244147.4948034286 -4.7338136557 2.3733989770 -2.5562550288
1461244147.5347576141 -4.7507888511 2.3662438163 -2.5980489112
1461244147.5748758316 -4.7658034973 2.3610272422 -2.6380825734
1461244147.6171581745 -4.7773673907 2.3593353442 -2.6737221700
1461244147.6548628807 -4.7833343357 2.3607478920 -2.7041830965
1461244147.6947891712 -4.7889498854 2.3683813002 -2.7304714562
1461244147.7348031998 -4.7910820693 2.3766870070 -2.7520780231
1461244147.7748708725 -4.7919465434 2.3898283343 -2.7703668861
1461244147.8169729710 -4.7927000787 2.4096656462 -2.7803485540
1461244147.8548300266 -4.7931125034 2.4330785275 -2.7828485686
1461244147.8948247433 -4.7916333458 2.4602757785 -2.7807830016
1461244147.9347484112 -4.7865005942 2.4921825707 -2.7722541261
1461244147.9747021198 -4.7768023358 2.5220106665 -2.7568106402
1461244148.0164451599 -4.7635104704 2.5525029506 -2.7362748788
1461244148.0548360348 -4.7467535543 2.5799963796 -2.7156438480
1461244148.0947055817 -4.7227667674 2.6089130928 -2.6921290205
1461244148.1348166466 -4.6878746671 2.6480264923 -2.6628728851
1461244148.1754794121 -4.6511469751 2.6850326484 -2.6338856989
1461244148.2175788879 -4.6051869095 2.7251500127 -2.5983648772
1461244148.2546184063 -4.5630348776 2.7544309066 -2.5698163135
1461244148.2947230339 -4.5157505798 2.7844537407 -2.5403159444
1461244148.3347465992 -4.4657983201 2.8126030378 -2.5130002391
1461244148.3747053146 -4.4033057854 2.8421860094 -2.4814951293
1461244148.4173555374 -4.3410529583 2.8650569605 -2.4526337702
1461244148.4546558857 -4.2955568733 2.8783035172 -2.4314394232
1461244148.4946992397 -4.2321439707 2.8913396498 -2.4013658187
1461244148.5346884727 -4.1710063882 2.8998306180 -2.3743172157
1461244148.5750246048 -4.0936925936 2.9102916899 -2.3411800732
1461244148.6170930862 -4.0125903386 2.9181868412 -2.3062805752
1461244148.6547524929 -3.9410784432 2.9216802364 -2.2757859139
1461244148.6965229511 -3.8597615288 2.9241916983 -2.2408026256
1461244148.7344441414 -3.7793486848 2.9269578219 -2.2049364613
1461244148.7757790089 -3.6793311613 2.9288494260 -2.1597494731
1461244148.8146636486 -3.5864432395 2.9300599431 -2.1171503272
1461244148.8547940254 -3.4990052798 2.9308253583 -2.0775165712
1461244148.8957452774 -3.3998417059 2.9312897322 -2.0347621616
1461244148.9357960224 -3.3066426635 2.9325122756 -1.9964036725
1461244148.9746155739 -3.2028543681 2.9338366532 -1.9560800285
1461244149.0168735981 -3.0950802858 2.9362293152 -1.9139987599
1461244149.0554578304 -3.0059501034 2.9395363957 -1.8786441485
1461244149.0947313309 -2.9120598057 2.9433242197 -1.8410284018
1461244149.1347339153 -2.8086521496 2.9479570249 -1.7998781382
1461244149.1746468544 -2.6904296189 2.9492127484 -1.7565673056
1461244149.2171361446 -2.5800516195 2.9472041068 -1.7217062104
1461244149.2547264099 -2.4785233919 2.9429906163 -1.6930723998
1461244149.2946937084 -2.3707982428 2.9358588414 -1.6645563276
1461244149.3348875046 -2.2585259562 2.9238029963 -1.6368556145
1461244149.3746812344 -2.1308527698 2.9054399889 -1.6072065230
1461244149.4169783592 -2.0026127106 2.8856542392 -1.5795583312
1461244149.4549190998 -1.9022635283 2.8678959026 -1.5609493540
1461244149.4947407246 -1.7965487909 2.8480303281 -1.5438369692
1461244149.5346224308 -1.6742721949 2.8283029137 -1.5240173741
1461244149.5760936737 -1.5571102563 2.8103577113 -1.5042976806
1461244149.6172058582 -1.4381673649 2.7901249309 -1.4843059647
1461244149.6546626091 -1.3305325795 2.7761806439 -1.4628109609
1461244149.6946730614 -1.2194991414 2.7665322107 -1.4368812892
1461244149.7350480556 -1.1097697952 2.7568124799 -1.4079847699
1461244149.7749698162 -0.9857756138 2.7446560256 -1.3715828817
1461244149.8167786598 -0.8631203458 2.7334000337 -1.3321051881
1461244149.8546328545 -0.7676000099 2.7230645977 -1.2989134067
1461244149.8946051598 -0.6738907684 2.7125286600 -1.2640860208
1461244149.9345891476 -0.5509192031 2.6970601899 -1.2154033107
1461244149.9746441841 -0.4562144233 2.6844101893 -1.1769609379
1461244150.0162143707 -0.3256599226 2.6671797748 -1.1246621187
1461244150.0545792580 -0.2228355174 2.6553223442 -1.0851398508
1461244150.0944464207 -0.1173309691 2.6462968112 -1.0471024443
1461244150.1346678734 -0.0083480137 2.6422876749 -1.0096984845
1461244150.1746244431 0.1217773346 2.6427908749 -0.9684104069
1461244150.2170977592 0.2314158977 2.6457511302 -0.9360524804
1461244150.2546558380 0.3390178057 2.6498898383 -0.9042553626
1461244150.2946524620 0.4424224017 2.6530198342 -0.8743086167
1461244150.3346259594 0.5592542970 2.6577381414 -0.8396825005
1461244150.3745756149 0.6653260099 2.6614514433 -0.8097091311
1461244150.4164526463 0.7784305995 2.6660302821 -0.7803898775
1461244150.4546544552 0.8695549345 2.6707891813 -0.7586729786
1461244150.4946348667 0.9727925293 2.6765545224 -0.7343132452
1461244150.5346755981 1.0673231033 2.6821705108 -0.7122964495
1461244150.5770380497 1.1711631159 2.6887920564 -0.6897577493
1461244150.6168708801 1.2615960083 2.6965506219 -0.6704596438
1461244150.6546299458 1.3307316779 2.7058055578 -0.6553234739
1461244150.6946845055 1.3962763449 2.7226679792 -0.6391692836
1461244150.7346100807 1.4822227037 2.7539501819 -0.6163792169
1461244150.7745385170 1.5538322087 2.7831187188 -0.5971161951
1461244150.8168132305 1.6237181779 2.8160650331 -0.5787298875
1461244150.8545835018 1.6755369508 2.8479430346 -0.5650731897
1461244150.8946456909 1.7220167199 2.8817094161 -0.5532593037
1461244150.9345786572 1.7662516856 2.9206808974 -0.5398616465
1461244150.9746153355 1.8002725168 2.9580323041 -0.5266407560
1461244151.0166921616 1.8325380208 3.0021406574 -0.5129873101
1461244151.0546088219 1.8481303288 3.0322294813 -0.5054854445
1461244151.0945782661 1.8586776501 3.0626564198 -0.4973683133
1461244151.1346573830 1.8633937188 3.0935041515 -0.4893153494
1461244151.1766152382 1.8558300715 3.1234347525 -0.4817787385
1461244151.2146625519 1.8411039308 3.1441970714 -0.4767373063
1461244151.2545573711 1.8215638295 3.1612389739 -0.4747378164
1461244151.2946002483 1.7919998435 3.1821585975 -0.4768978998
1461244151.3346514702 1.7446070433 3.2058381829 -0.4870608700
1461244151.3744366169 1.6971799529 3.2228885379 -0.5004823680
1461244151.4151685238 1.6385042333 3.2366069110 -0.5203159620
1461244151.4544870853 1.5804999450 3.2447978354 -0.5424712364
1461244151.4944653511 1.5162829307 3.2528909088 -0.5689770588
1461244151.5345089436 1.4423655038 3.2579922838 -0.6004351175
1461244151.5745406151 1.3599528231 3.2588125006 -0.6379847851
1461244151.6143987179 1.2814941618 3.2520213094 -0.6751680360
1461244151.6546068192 1.2012801337 3.2386026898 -0.7129182565
1461244151.6945788860 1.1182955549 3.2186035129 -0.7522984743
1461244151.7345559597 1.0300738192 3.1922642707 -0.7930570616
1461244151.7744760513 0.9232233175 3.1591815601 -0.8427799709
1461244151.8145844936 0.8275164875 3.1285782418 -0.8875000748
1461244151.8546855450 0.7314849385 3.0945973765 -0.9298508291
1461244151.8953216076 0.6276001923 3.0550781658 -0.9728079584
1461244151.9348590374 0.5171350075 3.0124988019 -1.0166748890
1461244151.9744098186 0.3938909266 2.9677003181 -1.0648242474
1461244152.0144741535 0.2771613544 2.9320608783 -1.1101025784
1461244152.0544996262 0.1625433451 2.9008215650 -1.1553397563
1461244152.0944721699 0.0488068313 2.8699274182 -1.2013845711
1461244152.1345469952 -0.0615147008 2.8432171029 -1.2450928160
1461244152.1744458675 -0.2061943404 2.8124001309 -1.3033720393
1461244152.2163560390 -0.3270797031 2.7874807614 -1.3552653688
1461244152.2544910908 -0.4312255156 2.7708133943 -1.4010956769
1461244152.2945425510 -0.5392535729 2.7576642719 -1.4490949092
1461244152.3344929218 -0.6546172042 2.7426905666 -1.4988948435
1461244152.3744502068 -0.7679829982 2.7294990129 -1.5477216381
1461244152.4161906242 -0.8809255089 2.7217530321 -1.5956916459
1461244152.4545149803 -0.9778611365 2.7147972382 -1.6357174463
1461244152.4944324493 -1.0790683456 2.7057842713 -1.6756070162
1461244152.5344309807 -1.1815881597 2.6996371834 -1.7111340957
1461244152.5751245022 -1.2994222656 2.6916927183 -1.7472627426
1461244152.6169493198 -1.4163665034 2.6827159219 -1.7811025948
1461244152.6544725895 -1.5099396904 2.6735281045 -1.8085497297
1461244152.6945242882 -1.6093747986 2.6614447997 -1.8379036637
1461244152.7345521450 -1.7107933636 2.6472835207 -1.8680215831
1461244152.7744357586 -1.8225566685 2.6348024031 -1.9027406508
1461244152.8171572685 -1.9309623040 2.6267583971 -1.9388443395
1461244152.8545393944 -2.0146990839 2.6230898947 -1.9683919358
1461244152.8945629597 -2.1031023501 2.6210289702 -2.0017994164
1461244152.9344792366 -2.2003807996 2.6202731743 -2.0364988195
1461244152.9743864536 -2.2803748107 2.6177718174 -2.0619141834
1461244153.0179412365 -2.3751680821 2.6123647827 -2.0901177823
1461244153.0545024872 -2.4436864327 2.6063815905 -2.1097918052
1461244153.0948762894 -2.5314031532 2.5963754089 -2.1325442366
1461244153.1345548630 -2.6133464585 2.5873895759 -2.1526085869
1461244153.1743690968 -2.7201756309 2.5762083358 -2.1772504621
1461244153.2145817280 -2.8123159707 2.5655423615 -2.1981333941
1461244153.2544932365 -2.9045434176 2.5543691942 -2.2183555777
1461244153.2945158482 -2.9987304137 2.5434556299 -2.2386298739
1461244153.3343966007 NaN NaN NaN
1461244153.3764076233 NaN NaN NaN
1461244153.4143819809 NaN NaN NaN
1461244153.4544878006 -3.4128317957 2.4963001133 -2.3534855257
1461244153.4952805042 -3.5074780655 2.4878607207 -2.3822039685
1461244153.5344324112 -3.6022723934 2.4810096961 -2.4115349092
1461244153.5743503571 -3.6767214492 2.4803788184 -2.4375818531
1461244153.6143770218 -3.7783175374 2.4840977996 -2.4795449086
1461244153.6543059349 -3.8557455866 2.4868985675 -2.5156021490
1461244153.6943988800 -3.9281082557 2.4903234318 -2.5507900251
1461244153.7343885899 -3.9970002449 2.4928002972 -2.5849791642
1461244153.7743165493 -4.0771873447 2.4930310019 -2.6272166937
1461244153.8144953251 -4.1403364249 2.4916021593 -2.6628627602
1461244153.8544995785 -4.1964039066 2.4882524563 -2.6978488689
1461244153.8943986893 -4.2570561627 2.4814729978 -2.7395645724
1461244153.9373188019 -4.3185161834 2.4734887612 -2.7860297806
1461244153.9744486809 -4.3821151634 2.4592788450 -2.8384642130
1461244154.0145928860 -4.4323161361 2.4439422290 -2.8837466162
1461244154.0543918610 -4.4810746875 2.4280846610 -2.9299832332
1461244154.0944163799 -4.5259164257 2.4137475817 -2.9752392989
1461244154.1343712807 NaN NaN NaN
1461244154.1743061543 NaN NaN NaN
1461244154.2158548832 NaN NaN NaN
1461244154.2542946339 NaN NaN NaN
1461244154.2943112850 NaN NaN NaN
1461244154.3343460560 NaN NaN NaN
1461244154.3743002415 NaN NaN NaN
1461244154.4161159992 NaN NaN NaN
1461244154.4542949200 NaN NaN NaN
1461244154.4944026470 NaN NaN NaN
1461244154.5343739986 NaN NaN NaN
1461244154.5743339062 NaN NaN NaN
1461244154.6149597168 NaN NaN NaN
1461244154.6543536186 NaN NaN NaN
1461244154.6942327023 NaN NaN NaN
1461244154.7343957424 NaN NaN NaN
1461244154.7742667198 NaN NaN NaN
1461244154.8143994808 NaN NaN NaN
1461244154.8546581268 NaN NaN NaN
1461244154.8943419456 NaN NaN NaN
1461244154.9344151020 NaN NaN NaN
1461244154.9743628502 NaN NaN NaN
1461244155.0162136555 NaN NaN NaN
1461244155.0544393063 NaN NaN NaN
1461244155.0943002701 NaN NaN NaN
1461244155.1344974041 NaN NaN NaN
1461244155.1746206284 NaN NaN NaN
1461244155.2142872810 NaN NaN NaN
1461244155.2544212341 NaN NaN NaN
1461244155.2943911552 NaN NaN NaN
1461244155.3343734741 NaN NaN NaN
1461244155.3742256165 NaN NaN NaN
1461244155.4173099995 NaN NaN NaN
1461244155.4543566704 NaN NaN NaN
1461244155.4945011139 NaN NaN NaN
1461244155.5345098972 NaN NaN NaN
1461244155.5742714405 NaN NaN NaN
1461244155.6143603325 NaN NaN NaN
1461244155.6544659138 NaN NaN NaN
1461244155.6950066090 NaN NaN NaN
1461244155.7343332767 NaN NaN NaN
1461244155.7742042542 NaN NaN NaN
1461244155.8150446415 NaN NaN NaN
1461244155.8543713093 NaN NaN NaN
1461244155.8942654133 NaN NaN NaN
1461244155.9352641106 NaN NaN NaN
1461244155.9743456841 NaN NaN NaN
1461244156.0142831802 NaN NaN NaN
1461244156.0542349815 NaN NaN NaN
1461244156.0944147110 NaN NaN NaN
1461244156.1342616081 NaN NaN NaN
1461244156.1742064953 NaN NaN NaN
1461244156.2142534256 NaN NaN NaN
1461244156.2542581558 NaN NaN NaN
1461244156.2942602634 NaN NaN NaN
1461244156.3342747688 NaN NaN NaN
1461244156.3748824596 NaN NaN NaN
1461244156.4145264626 NaN NaN NaN
1461244156.4543819427 NaN NaN NaN
1461244156.4941790104 NaN NaN NaN
1461244156.5341989994 NaN NaN NaN
1461244156.5741820335 NaN NaN NaN
1461244156.6140975952 NaN NaN NaN
1461244156.6542303562 NaN NaN NaN
1461244156.6942088604 NaN NaN NaN
1461244156.7343311310 NaN NaN NaN
1461244156.7741630077 NaN NaN NaN
1461244156.8158583641 NaN NaN NaN
1461244156.8542296886 NaN NaN NaN
1461244156.8942120075 NaN NaN NaN
1461244156.9341936111 NaN NaN NaN
1461244156.9743299484 NaN NaN NaN
